1791,2217,2000
1791,2217,2000
1791,2218,2000
1791,2219,2000
1791,2220,2000
1792,2221,2000
1792,2222,2000
1792,2223,2000
1792,2225,2000
1792,2226,2000
1792,2227,2000
1792,2228,2000
1793,2229,2000
1793,2230,2000
1793,2231,2000
1793,2232,2000
1793,2233,2000
1793,2234,2000
1794,2235,2000
1794,2236,2000
1794,2237,2000
1794,2238,2000
1794,2239,2000
1794,2240,2000
1794,2241,2000
1795,2242,2000
1795,2243,2000
1795,2244,2000
1795,2245,2000
1795,2247,2000
1795,2248,2000
1795,2249,2000
1796,2250,2000
1796,2251,2000
1796,2252,2000
1796,2253,2000
1796,2254,2000
1796,2255,2000
1796,2257,2000
1797,2258,2000
1797,2259,2000
1797,2260,2000
1797,2261,2000
1797,2262,2000
1797,2263,2000
1797,2265,2000
1798,2266,2000
1798,2267,2000
1798,2268,2000
1798,2269,2000
1798,2270,2000
1798,2271,2000
1799,2272,2000
1799,2273,2000
1799,2274,2000
1799,2275,2000
1799,2276,2000
1799,2277,2000
1800,2278,2000
1800,2279,2000
1800,2280,2000
1800,2281,2000
1800,2282,2000
1801,2283,2000
1801,2284,2000
1801,2285,2000
1801,2286,2000
1801,2287,2000
1801,2288,2000
1802,2289,2000
1802,2290,2000
1802,2291,2000
1802,2292,2000
1802,2293,2000
1802,2294,2000
1803,2295,2000
1803,2296,2000
1803,2297,2000
1803,2298,2000
1803,2300,2000
1804,2301,2000
1804,2302,2000
1804,2303,2000
1804,2304,2000
1804,2305,2000
1804,2306,2000
1805,2307,2000
1805,2308,2000
1805,2310,2000
1805,2311,2000
1805,2312,2000
1805,2313,2000
1806,2314,2000
1806,2315,2000
1806,2316,2000
1806,2318,2000
1806,2319,2000
1806,2320,2000
1807,2321,2000
1807,2323,2000
1807,2322,2000
1807,2322,2000
1808,2322,2000
1808,2322,2000
1808,2322,2000
1809,2321,2000
1809,2321,2000
1809,2321,2000
1809,2321,2000
1810,2321,2000
1810,2320,2000
1810,2320,2000
1811,2320,2000
1811,2320,2000
1811,2320,2000
1812,2320,2000
1812,2319,2000
1812,2319,2000
1812,2319,2000
1813,2319,2000
1813,2319,2000
1813,2319,2000
1814,2319,2000
1814,2318,2000
1814,2318,2000
1815,2318,2000
1815,2318,2000
1815,2318,2000
1815,2318,2000
1816,2318,2000
1816,2317,2000
1816,2317,2000
1817,2317,2000
1817,2317,2000
1817,2317,2000
1817,2317,2000
1818,2317,2000
1818,2316,2000
1818,2316,2000
1819,2316,2000
1819,2316,2000
1819,2316,2000
1820,2316,2000
1820,2316,2000
1820,2316,2000
1820,2315,2000
1821,2315,2000
1821,2315,2000
1821,2315,2000
1822,2315,2000
1822,2315,2000
1822,2314,2000
1823,2314,2000
1823,2313,2000
1823,2313,2000
1824,2313,2000
1824,2312,2000
1824,2312,2000
1825,2312,2000
1825,2311,2000
1825,2311,2000
1826,2310,2000
1826,2310,2000
1826,2310,2000
1827,2309,2000
1827,2309,2000
1827,2309,2000
1828,2308,2000
1828,2308,2000
1828,2308,2000
1829,2307,2000
1829,2307,2000
1829,2307,2000
1830,2306,2000
1830,2306,2000
1830,2306,2000
1831,2305,2000
1831,2305,2000
1831,2305,2000
1832,2304,2000
1832,2304,2000
1832,2304,2000
1833,2304,2000
1833,2303,2000
1834,2303,2000
1834,2303,2000
1834,2302,2000
1835,2302,2000
1835,2302,2000
1835,2302,2000
1836,2301,2000
1836,2301,2000
1836,2301,2000
1837,2300,2000
1837,2300,2000
1837,2300,2000
1838,2300,2000
1838,2299,2000
1838,2299,2000
1839,2299,2000
1839,2298,2000
1839,2297,2000
1839,2296,2000
1839,2295,2000
1839,2294,2000
1839,2293,2000
1839,2292,2000
1840,2291,2000
1840,2290,2000
1840,2289,2000
1840,2288,2000
1840,2287,2000
1840,2286,2000
1840,2285,2000
1840,2284,2000
1841,2283,2000
1841,2283,2000
1841,2282,2000
1841,2281,2000
1841,2280,2000
1841,2279,2000
1841,2278,2000
1841,2277,2000
1842,2276,2000
1842,2275,2000
1842,2275,2000
1842,2274,2000
1842,2273,2000
1842,2272,2000
1842,2271,2000
1842,2270,2000
1842,2269,2000
1843,2268,2000
1843,2268,2000
1843,2267,2000
1843,2266,2000
1843,2265,2000
1843,2264,2000
1843,2263,2000
1843,2263,2000
1844,2262,2000
1844,2261,2000
1844,2260,2000
1844,2259,2000
1844,2259,2000
1844,2258,2000
1844,2257,2000
1844,2256,2000
1844,2255,2000
1845,2254,2000
1845,2254,2000
1845,2253,2000
1845,2252,2000
1845,2251,2000
1845,2250,2000
1845,2249,2000
1845,2249,2000
1845,2248,2000
1845,2247,2000
1845,2246,2000
1845,2245,2000
1845,2244,2000
1845,2244,2000
1845,2243,2000
1845,2242,2000
1845,2241,2000
1845,2240,2000
1845,2240,2000
1845,2239,2000
1846,2238,2000
1846,2237,2000
1846,2236,2000
1846,2236,2000
1846,2235,2000
1846,2234,2000
1846,2233,2000
1846,2232,2000
1846,2232,2000
1846,2231,2000
1846,2230,2000
1846,2229,2000
1846,2229,2000
1846,2228,2000
1846,2227,2000
1846,2226,2000
1846,2225,2000
1846,2225,2000
1846,2224,2000
1846,2223,2000
1846,2222,2000
1846,2222,2000
1846,2221,2000
1847,2220,2000
1847,2219,2000
1847,2219,2000
1847,2218,2000
1847,2217,2000
1847,2216,2000
1847,2216,2000
1847,2215,2000
1847,2214,2000
1847,2213,2000
1847,2212,2000
1847,2211,2000
1847,2210,2000
1847,2209,2000
1847,2208,2000
1847,2207,2000
1847,2206,2000
1847,2205,2000
1847,2204,2000
1848,2203,2000
1848,2202,2000
1848,2201,2000
1848,2200,2000
1848,2199,2000
1848,2198,2000
1848,2197,2000
1848,2196,2000
1848,2195,2000
1848,2194,2000
1848,2193,2000
1848,2192,2000
1848,2191,2000
1848,2191,2000
1848,2190,2000
1848,2189,2000
1848,2188,2000
1849,2187,2000
1849,2186,2000
1849,2185,2000
1849,2184,2000
1849,2183,2000
1849,2182,2000
1849,2181,2000
1849,2180,2000
1849,2179,2000
1849,2179,2000
1849,2178,2000
1849,2177,2000
1849,2176,2000
1849,2175,2000
1849,2174,2000
1849,2173,2000
1849,2172,2000
1849,2171,2000
1849,2170,2000
1849,2169,2000
1849,2169,2000
1849,2168,2000
1850,2167,2000
1850,2166,2000
1850,2166,2000
1850,2165,2000
1851,2165,2000
1851,2164,2000
1851,2163,2000
1851,2163,2000
1852,2162,2000
1852,2161,2000
1852,2161,2000
1852,2160,2000
1853,2160,2000
1853,2159,2000
1853,2158,2000
1853,2158,2000
1854,2157,2000
1854,2157,2000
1854,2156,2000
1854,2155,2000
1855,2155,2000
1855,2154,2000
1855,2154,2000
1855,2153,2000
1856,2152,2000
1856,2152,2000
1856,2151,2000
1856,2151,2000
1857,2150,2000
1857,2150,2000
1857,2149,2000
1857,2148,2000
1858,2148,2000
1858,2147,2000
1858,2147,2000
1858,2146,2000
1858,2145,2000
1859,2145,2000
1859,2144,2000
1859,2144,2000
1859,2143,2000
1860,2143,2000
1860,2142,2000
1860,2141,2000
1860,2141,2000
1861,2140,2000
1861,2140,2000
1861,2139,2000
1861,2139,2000
1862,2138,2000
1862,2138,2000
1862,2138,2000
1863,2139,2000
1863,2139,2000
1863,2139,2000
1864,2139,2000
1864,2139,2000
1864,2139,2000
1865,2140,2000
1865,2140,2000
1865,2140,2000
1866,2140,2000
1866,2140,2000
1867,2140,2000
1867,2141,2000
1867,2141,2000
1868,2141,2000
1868,2141,2000
1868,2141,2000
1869,2141,2000
1869,2142,2000
1869,2142,2000
1870,2142,2000
1870,2142,2000
1871,2142,2000
1871,2142,2000
1871,2143,2000
1872,2143,2000
1872,2143,2000
1872,2143,2000
1873,2143,2000
1873,2144,2000
1873,2144,2000
1874,2144,2000
1874,2144,2000
1874,2144,2000
1875,2144,2000
1875,2145,2000
1876,2145,2000
1876,2145,2000
1876,2145,2000
1877,2145,2000
1877,2145,2000
1877,2146,2000
1878,2146,2000
1878,2146,2000
1878,2146,2000
1879,2146,2000
1879,2147,2000
1879,2147,2000
1880,2148,2000
1880,2148,2000
1880,2149,2000
1880,2150,2000
1881,2151,2000
1881,2152,2000
1881,2153,2000
1881,2154,2000
1882,2154,2000
1882,2155,2000
1882,2156,2000
1882,2157,2000
1883,2158,2000
1883,2159,2000
1883,2159,2000
1883,2160,2000
1884,2161,2000
1884,2162,2000
1884,2163,2000
1884,2164,2000
1885,2165,2000
1885,2165,2000
1885,2166,2000
1885,2167,2000
1886,2168,2000
1886,2169,2000
1886,2170,2000
1886,2171,2000
1886,2171,2000
1887,2172,2000
1887,2173,2000
1887,2174,2000
1887,2175,2000
1888,2176,2000
1888,2177,2000
1888,2178,2000
1888,2178,2000
1889,2179,2000
1889,2180,2000
1889,2181,2000
1889,2182,2000
1889,2183,2000
1890,2184,2000
1890,2185,2000
1890,2185,2000
1890,2186,2000
1891,2187,2000
1891,2188,2000
1891,2189,2000
1891,2190,2000
1891,2190,2000
1891,2191,2000
1891,2191,2000
1891,2191,2000
1891,2192,2000
1892,2192,2000
1892,2192,2000
1892,2193,2000
1892,2193,2000
1892,2194,2000
1892,2194,2000
1892,2194,2000
1892,2195,2000
1892,2195,2000
1892,2196,2000
1892,2196,2000
1892,2196,2000
1892,2197,2000
1892,2197,2000
1892,2197,2000
1892,2198,2000
1892,2198,2000
1892,2199,2000
1892,2199,2000
1892,2199,2000
1892,2200,2000
1893,2200,2000
1893,2201,2000
1893,2201,2000
1893,2201,2000
1893,2202,2000
1893,2202,2000
1893,2202,2000
1893,2203,2000
1893,2203,2000
1893,2204,2000
1893,2204,2000
1893,2204,2000
1893,2205,2000
1893,2205,2000
1893,2206,2000
1893,2206,2000
1893,2206,2000
1893,2207,2000
1893,2207,2000
1893,2208,2000
1893,2208,2000
1893,2208,2000
1894,2209,2000
1894,2209,2000
1891,2207,2000
1889,2205,2000
1887,2203,2000
1884,2201,2000
1882,2198,2000
1880,2196,2000
1878,2194,2000
1875,2192,2000
1873,2190,2000
1871,2188,2000
1868,2186,2000
1866,2184,2000
1864,2182,2000
1861,2181,2000
1859,2179,2000
1857,2177,2000
1854,2175,2000
1852,2173,2000
1850,2171,2000
1847,2169,2000
1845,2168,2000
1843,2166,2000
1840,2164,2000
1838,2162,2000
1836,2161,2000
1833,2159,2000
1831,2157,2000
1829,2156,2000
1826,2154,2000
1824,2152,2000
1821,2151,2000
1819,2149,2000
1817,2148,2000
1814,2146,2000
1812,2145,2000
1809,2143,2000
1807,2142,2000
1805,2140,2000
1802,2139,2000
1800,2137,2000
1797,2136,2000
1795,2135,2000
1792,2133,2000
1790,2132,2000
1788,2131,2000
1785,2129,2000
1783,2128,2000
1780,2127,2000
1778,2126,2000
1775,2124,1000
1777,2123,1000
1779,2121,1000
1780,2119,1000
1782,2117,1000
1784,2115,1000
1786,2113,1000
1787,2111,1000
1789,2110,1000
1791,2108,1000
1792,2106,1000
1794,2105,1000
1796,2103,1000
1797,2102,1000
1799,2100,1000
1801,2098,1000
1803,2097,1000
1804,2095,1000
1806,2094,1000
1808,2093,1000
1809,2091,1000
1811,2090,1000
1813,2088,1000
1814,2087,1000
1816,2086,1000
1817,2084,1000
1819,2083,1000
1821,2082,1000
1822,2081,1000
1824,2079,1000
1826,2078,1000
1827,2077,1000
1829,2076,1000
1831,2075,1000
1832,2074,1000
1834,2073,1000
1835,2072,1000
1837,2071,1000
1839,2069,1000
1840,2068,1000
1842,2067,1000
1844,2066,1000
1845,2066,1000
1847,2065,1000
1848,2064,1000
1850,2063,1000
1852,2062,1000
1853,2061,1000
1855,2060,1000
1857,2059,1000
1858,2058,2000
1856,2058,2000
1854,2057,2000
1853,2056,2000
1851,2055,2000
1849,2054,2000
1847,2054,2000
1845,2053,2000
1844,2052,2000
1842,2051,2000
1840,2051,2000
1838,2050,2000
1836,2049,2000
1834,2048,2000
1833,2048,2000
1831,2047,2000
1829,2046,2000
1827,2046,2000
1825,2045,2000
1824,2045,2000
1822,2044,2000
1820,2043,2000
1818,2043,2000
1816,2042,2000
1814,2042,2000
1813,2041,2000
1811,2040,2000
1809,2040,2000
1807,2039,2000
1805,2039,2000
1803,2038,2000
1802,2038,2000
1800,2037,2000
1798,2037,2000
1796,2037,2000
1794,2036,2000
1793,2036,2000
1791,2035,2000
1789,2035,2000
1787,2034,2000
1785,2034,2000
1783,2034,2000
1781,2033,2000
1780,2033,2000
1778,2033,2000
1776,2032,2000
1774,2032,2000
1772,2032,2000
1770,2031,2000
1769,2031,2000
1767,2031,1000
1768,2032,1000
1769,2032,1000
1770,2033,1000
1771,2034,1000
1772,2035,1000
1773,2035,1000
1774,2036,1000
1775,2037,1000
1776,2037,1000
1777,2038,1000
1778,2039,1000
1779,2040,1000
1780,2040,1000
1781,2041,1000
1782,2042,1000
1783,2043,1000
1784,2043,1000
1785,2044,1000
1786,2045,1000
1787,2046,1000
1788,2046,1000
1789,2047,1000
1790,2048,1000
1791,2049,1000
1792,2049,1000
1793,2050,1000
1794,2051,1000
1795,2052,1000
1796,2053,1000
1797,2053,1000
1798,2054,1000
1799,2055,1000
1800,2056,1000
1801,2057,1000
1802,2057,1000
1803,2058,1000
1804,2059,1000
1805,2060,1000
1806,2061,1000
1807,2061,1000
1808,2062,1000
1809,2063,1000
1810,2064,1000
1811,2065,1000
1812,2066,1000
1813,2066,1000
1814,2067,1000
1815,2068,1000
1816,2069,1000
1817,2070,2000
1818,2068,2000
1818,2066,2000
1819,2064,2000
1819,2063,2000
1820,2061,2000
1820,2059,2000
1821,2057,2000
1821,2056,2000
1822,2054,2000
1822,2052,2000
1823,2051,2000
1823,2049,2000
1824,2047,2000
1824,2046,2000
1825,2044,2000
1825,2042,2000
1826,2041,2000
1826,2039,2000
1827,2037,2000
1827,2036,2000
1828,2034,2000
1828,2032,2000
1829,2031,2000
1829,2029,2000
1830,2027,2000
1830,2026,2000
1831,2024,2000
1831,2023,2000
1831,2021,2000
1832,2020,2000
1832,2018,2000
1833,2016,2000
1833,2015,2000
1834,2013,2000
1834,2012,2000
1835,2010,2000
1835,2009,2000
1835,2007,2000
1836,2006,2000
1836,2004,2000
1837,2003,2000
1837,2001,2000
1838,2000,2000
1838,1998,2000
1838,1997,2000
1839,1995,2000
1839,1994,2000
1840,1992,2000
1840,1991,2000
1841,1989,2000
1839,1988,2000
1837,1988,2000
1835,1987,2000
1833,1987,2000
1831,1986,2000
1829,1986,2000
1827,1985,2000
1826,1984,2000
1824,1984,2000
1822,1983,2000
1820,1983,2000
1818,1982,2000
1816,1982,2000
1814,1981,2000
1812,1981,2000
1811,1981,2000
1809,1980,2000
1807,1980,2000
1805,1979,2000
1803,1979,2000
1801,1978,2000
1799,1978,2000
1797,1978,2000
1796,1977,2000
1794,1977,2000
1792,1977,2000
1790,1976,2000
1788,1976,2000
1786,1976,2000
1784,1976,2000
1782,1975,2000
1781,1975,2000
1779,1975,2000
1777,1975,2000
1775,1974,2000
1773,1974,2000
1771,1974,2000
1769,1974,2000
1767,1974,2000
1766,1974,2000
1764,1974,2000
1762,1973,2000
1760,1973,2000
1758,1973,2000
1756,1973,2000
1754,1973,2000
1752,1973,2000
1750,1973,2000
1748,1973,2000
1747,1973,1000
1747,1972,1000
1748,1970,1000
1748,1969,1000
1748,1968,1000
1749,1967,1000
1749,1965,1000
1750,1964,1000
1750,1963,1000
1751,1961,1000
1751,1960,1000
1752,1959,1000
1752,1957,1000
1752,1956,1000
1753,1955,1000
1753,1954,1000
1754,1952,1000
1754,1951,1000
1755,1950,1000
1755,1949,1000
1755,1947,1000
1756,1946,1000
1756,1945,1000
1757,1944,1000
1757,1942,1000
1757,1941,1000
1758,1940,1000
1758,1939,1000
1759,1938,1000
1759,1936,1000
1760,1935,1000
1760,1934,1000
1760,1933,1000
1761,1932,1000
1761,1930,1000
1762,1929,1000
1762,1928,1000
1762,1927,1000
1763,1926,1000
1763,1924,1000
1763,1923,1000
1764,1922,1000
1764,1921,1000
1765,1920,1000
1765,1919,1000
1765,1917,1000
1766,1916,1000
1766,1915,1000
1767,1914,1000
1767,1913,1000
1767,1912,2000
1766,1912,2000
1765,1911,2000
1764,1911,2000
1763,1911,2000
1762,1911,2000
1761,1911,2000
1760,1911,2000
1759,1911,2000
1758,1910,2000
1757,1910,2000
1756,1910,2000
1755,1910,2000
1754,1910,2000
1753,1910,2000
1752,1910,2000
1751,1910,2000
1750,1910,2000
1749,1910,2000
1748,1910,2000
1747,1909,2000
1747,1909,2000
1746,1909,2000
1745,1909,2000
1744,1909,2000
1743,1909,2000
1742,1909,2000
1741,1909,2000
1740,1909,2000
1739,1909,2000
1738,1909,2000
1737,1909,2000
1736,1909,2000
1735,1909,2000
1734,1909,2000
1733,1909,2000
1732,1909,2000
1731,1909,2000
1730,1909,2000
1729,1909,2000
1728,1909,2000
1727,1909,2000
1726,1909,2000
1725,1909,2000
1724,1909,2000
1723,1909,2000
1722,1909,2000
1721,1909,2000
1720,1909,2000
1719,1909,2000
1718,1909,2000
1719,1909,2000
1721,1909,2000
1723,1908,2000
1725,1908,2000
1727,1908,2000
1728,1908,2000
1730,1907,2000
1732,1907,2000
1734,1907,2000
1736,1907,2000
1737,1907,2000
1739,1906,2000
1741,1906,2000
1743,1906,2000
1744,1906,2000
1746,1906,2000
1748,1906,2000
1750,1906,2000
1752,1906,2000
1753,1906,2000
1755,1906,2000
1757,1906,2000
1759,1906,2000
1760,1906,2000
1762,1906,2000
1764,1906,2000
1766,1906,2000
1767,1906,2000
1769,1906,2000
1771,1906,2000
1773,1906,2000
1775,1906,2000
1776,1906,2000
1778,1907,2000
1780,1907,2000
1782,1907,2000
1783,1907,2000
1785,1907,2000
1787,1907,2000
1789,1908,2000
1790,1908,2000
1792,1908,2000
1794,1908,2000
1796,1909,2000
1798,1909,2000
1799,1909,2000
1801,1909,2000
1803,1910,2000
1805,1910,2000
1806,1910,2000
1806,1908,2000
1805,1907,2000
1804,1905,2000
1803,1903,2000
1802,1901,2000
1802,1899,2000
1801,1897,2000
1800,1895,2000
1799,1893,2000
1799,1891,2000
1798,1890,2000
1797,1888,2000
1796,1886,2000
1795,1884,2000
1794,1882,2000
1794,1880,2000
1793,1878,2000
1792,1876,2000
1791,1874,2000
1790,1873,2000
1790,1871,2000
1789,1869,2000
1788,1867,2000
1787,1865,2000
1786,1863,2000
1785,1861,2000
1784,1859,2000
1784,1858,2000
1783,1856,2000
1782,1854,2000
1781,1852,2000
1780,1850,2000
1779,1848,2000
1778,1846,2000
1778,1845,2000
1777,1843,2000
1776,1841,2000
1775,1839,2000
1774,1837,2000
1773,1835,2000
1772,1833,2000
1771,1831,2000
1771,1830,2000
1770,1828,2000
1769,1826,2000
1768,1824,2000
1767,1822,2000
1766,1820,2000
1765,1818,2000
1764,1817,1000
1763,1817,1000
1762,1818,1000
1761,1819,1000
1759,1819,1000
1758,1820,1000
1757,1821,1000
1756,1822,1000
1755,1822,1000
1753,1823,1000
1752,1824,1000
1751,1825,1000
1750,1826,1000
1749,1826,1000
1747,1827,1000
1746,1828,1000
1745,1829,1000
1744,1830,1000
1742,1831,1000
1741,1831,1000
1740,1832,1000
1739,1833,1000
1737,1834,1000
1736,1835,1000
1735,1836,1000
1734,1837,1000
1732,1838,1000
1731,1839,1000
1730,1840,1000
1729,1841,1000
1727,1842,1000
1726,1843,1000
1725,1844,1000
1724,1845,1000
1722,1846,1000
1721,1847,1000
1720,1848,1000
1719,1849,1000
1717,1850,1000
1716,1851,1000
1715,1852,1000
1713,1853,1000
1712,1854,1000
1711,1855,1000
1710,1856,1000
1708,1858,1000
1707,1859,1000
1706,1860,1000
1704,1861,1000
1703,1862,1000
1702,1863,2000
1703,1861,2000
1703,1859,2000
1704,1857,2000
1705,1855,2000
1706,1853,2000
1707,1851,2000
1708,1849,2000
1709,1847,2000
1710,1845,2000
1710,1843,2000
1711,1841,2000
1712,1839,2000
1713,1837,2000
1714,1835,2000
1715,1833,2000
1715,1831,2000
1716,1829,2000
1717,1827,2000
1718,1825,2000
1719,1823,2000
1719,1821,2000
1720,1819,2000
1721,1817,2000
1722,1815,2000
1723,1813,2000
1723,1811,2000
1724,1810,2000
1725,1808,2000
1726,1806,2000
1726,1804,2000
1727,1802,2000
1728,1800,2000
1728,1799,2000
1729,1797,2000
1730,1795,2000
1731,1793,2000
1731,1791,2000
1732,1790,2000
1733,1788,2000
1733,1786,2000
1734,1784,2000
1735,1783,2000
1735,1781,2000
1736,1779,2000
1737,1777,2000
1737,1776,2000
1738,1774,2000
1739,1772,2000
1739,1770,2000
1740,1769,2000
1739,1770,2000
1737,1770,2000
1736,1771,2000
1735,1772,2000
1734,1773,2000
1733,1774,2000
1731,1775,2000
1730,1775,2000
1729,1776,2000
1728,1777,2000
1726,1778,2000
1725,1779,2000
1724,1780,2000
1723,1781,2000
1722,1782,2000
1720,1783,2000
1719,1784,2000
1718,1785,2000
1717,1786,2000
1715,1787,2000
1714,1788,2000
1713,1789,2000
1712,1790,2000
1710,1791,2000
1709,1792,2000
1708,1793,2000
1707,1794,2000
1705,1795,2000
1704,1796,2000
1703,1797,2000
1701,1798,2000
1700,1799,2000
1699,1801,2000
1698,1802,2000
1696,1803,2000
1695,1804,2000
1694,1805,2000
1692,1806,2000
1691,1808,2000
1690,1809,2000
1688,1810,2000
1687,1811,2000
1686,1813,2000
1685,1814,2000
1683,1815,2000
1682,1816,2000
1680,1818,2000
1679,1819,2000
1678,1820,2000
1676,1822,2000
1676,1820,2000
1675,1819,2000
1674,1818,2000
1674,1816,2000
1673,1815,2000
1672,1813,2000
1672,1812,2000
1671,1811,2000
1670,1809,2000
1670,1808,2000
1669,1806,2000
1668,1805,2000
1668,1804,2000
1667,1802,2000
1666,1801,2000
1666,1800,2000
1665,1798,2000
1664,1797,2000
1663,1796,2000
1663,1794,2000
1662,1793,2000
1661,1791,2000
1661,1790,2000
1660,1789,2000
1659,1787,2000
1659,1786,2000
1658,1785,2000
1657,1783,2000
1656,1782,2000
1656,1781,2000
1655,1779,2000
1654,1778,2000
1654,1777,2000
1653,1775,2000
1652,1774,2000
1651,1772,2000
1651,1771,2000
1650,1770,2000
1649,1768,2000
1649,1767,2000
1648,1766,2000
1647,1764,2000
1646,1763,2000
1646,1762,2000
1645,1760,2000
1644,1759,2000
1643,1758,2000
1643,1756,2000
1642,1755,2000
1641,1754,1000
1642,1754,1000
1642,1755,1000
1642,1756,1000
1643,1756,1000
1643,1757,1000
1643,1758,1000
1644,1758,1000
1644,1759,1000
1645,1760,1000
1645,1760,1000
1645,1761,1000
1646,1762,1000
1646,1762,1000
1646,1763,1000
1647,1764,1000
1647,1764,1000
1647,1765,1000
1648,1766,1000
1648,1766,1000
1649,1767,1000
1649,1768,1000
1649,1768,1000
1650,1769,1000
1650,1770,1000
1650,1770,1000
1651,1771,1000
1651,1772,1000
1651,1772,1000
1652,1773,1000
1652,1774,1000
1653,1775,1000
1653,1775,1000
1653,1776,1000
1654,1777,1000
1654,1777,1000
1654,1778,1000
1655,1779,1000
1655,1779,1000
1655,1780,1000
1656,1781,1000
1656,1781,1000
1656,1782,1000
1657,1783,1000
1657,1783,1000
1658,1784,1000
1658,1785,1000
1658,1785,1000
1659,1786,1000
1659,1787,1000
1659,1787,2000
1661,1786,2000
1662,1784,2000
1663,1783,2000
1664,1781,2000
1666,1780,2000
1667,1778,2000
1668,1777,2000
1670,1775,2000
1671,1774,2000
1672,1772,2000
1673,1771,2000
1675,1769,2000
1676,1768,2000
1677,1766,2000
1678,1765,2000
1680,1763,2000
1681,1762,2000
1682,1761,2000
1683,1759,2000
1685,1758,2000
1686,1757,2000
1687,1755,2000
1688,1754,2000
1689,1753,2000
1691,1751,2000
1692,1750,2000
1693,1749,2000
1694,1747,2000
1695,1746,2000
1696,1745,2000
1698,1744,2000
1878,1742,2000
1700,1741,2000
1701,1740,2000
1702,1739,2000
1703,1738,2000
1705,1737,2000
1706,1735,2000
1707,1734,2000
1708,1733,2000
1709,1732,2000
1710,1731,2000
1711,1730,2000
1712,1729,2000
1714,1727,2000
1715,1726,2000
1716,1725,2000
1717,1724,2000
1718,1723,2000
1719,1722,2000
1719,1721,2000
1718,1720,2000
1718,1720,2000
1717,1719,2000
1717,1718,2000
1716,1717,2000
1716,1716,2000
1715,1715,2000
1715,1714,2000
1714,1713,2000
1714,1713,2000
1713,1712,2000
1713,1711,2000
1712,1710,2000
1712,1709,2000
1711,1708,2000
1711,1707,2000
1710,1706,2000
1710,1706,2000
1709,1705,2000
1709,1704,2000
1708,1703,2000
1708,1702,2000
1707,1701,2000
1707,1700,2000
1706,1699,2000
1706,1699,2000
1705,1698,2000
1705,1697,2000
1704,1696,2000
1704,1695,2000
1703,1694,2000
1702,1693,2000
1702,1692,2000
1701,1692,2000
1701,1691,2000
1700,1690,2000
1700,1689,2000
1699,1688,2000
1699,1687,2000
1698,1686,2000
1698,1686,2000
1697,1685,2000
1697,1684,2000
1696,1683,2000
1696,1682,2000
1695,1681,2000
1695,1680,2000
1694,1679,2000
1694,1679,2000
1694,1680,2000
1694,1681,2000
1694,1683,2000
1694,1684,2000
1694,1685,2000
1694,1687,2000
1694,1688,2000
1694,1690,2000
1694,1691,2000
1694,1692,2000
1694,1694,2000
1694,1695,2000
1694,1697,2000
1694,1698,2000
1694,1699,2000
1694,1701,2000
1693,1702,2000
1693,1704,2000
1693,1705,2000
1693,1706,2000
1693,1708,2000
1693,1709,2000
1693,1710,2000
1693,1712,2000
1693,1713,2000
1693,1715,2000
1693,1716,2000
1693,1717,2000
1693,1719,2000
1693,1720,2000
1693,1722,2000
1692,1723,2000
1692,1725,2000
1692,1726,2000
1692,1727,2000
1692,1729,2000
1692,1730,2000
1692,1732,2000
1692,1733,2000
1692,1734,2000
1692,1736,2000
1691,1737,2000
1691,1739,2000
1691,1740,2000
1691,1742,2000
1691,1743,2000
1691,1744,2000
1691,1746,2000
1691,1747,2000
1690,1749,1000
1690,1748,1000
1690,1747,1000
1689,1746,1000
1689,1745,1000
1688,1745,1000
1688,1744,1000
1687,1743,1000
1687,1742,1000
1686,1741,1000
1686,1741,1000
1685,1740,1000
1685,1739,1000
1684,1738,1000
1684,1737,1000
1683,1737,1000
1683,1736,1000
1682,1735,1000
1682,1734,1000
1681,1733,1000
1681,1733,1000
1680,1732,1000
1680,1731,1000
1679,1730,1000
1679,1729,1000
1678,1729,1000
1678,1728,1000
1677,1727,1000
1677,1726,1000
1676,1725,1000
1676,1725,1000
1675,1724,1000
1675,1723,1000
1674,1722,1000
1674,1722,1000
1673,1721,1000
1673,1720,1000
1672,1719,1000
1672,1718,1000
1671,1718,1000
1671,1717,1000
1670,1716,1000
1669,1715,1000
1669,1714,1000
1668,1714,1000
1668,1713,1000
1667,1712,1000
1667,1711,1000
1666,1710,1000
1666,1710,1000
1665,1709,2000
1664,1709,2000
1663,1708,2000
1662,1708,2000
1661,1707,2000
1660,1707,2000
1659,1707,2000
1658,1706,2000
1657,1706,2000
1656,1705,2000
1655,1705,2000
1654,1705,2000
1653,1704,2000
1652,1704,2000
1651,1704,2000
1650,1703,2000
1649,1703,2000
1648,1703,2000
1646,1702,2000
1645,1702,2000
1644,1702,2000
1643,1701,2000
1642,1701,2000
1641,1701,2000
1640,1700,2000
1639,1700,2000
1638,1700,2000
1637,1700,2000
1636,1699,2000
1635,1699,2000
1634,1699,2000
1633,1698,2000
1632,1698,2000
1631,1698,2000
1630,1698,2000
1628,1697,2000
1627,1697,2000
1626,1697,2000
1625,1697,2000
1624,1696,2000
1623,1696,2000
1622,1696,2000
1621,1696,2000
1620,1695,2000
1619,1695,2000
1618,1695,2000
1617,1695,2000
1616,1694,2000
1615,1694,2000
1614,1694,2000
1613,1694,1000
1612,1693,1000
1611,1692,1000
1611,1691,1000
1610,1690,1000
1609,1689,1000
1609,1688,1000
1608,1687,1000
1607,1686,1000
1607,1685,1000
1606,1684,1000
1606,1683,1000
1605,1682,1000
1604,1681,1000
1604,1680,1000
1603,1679,1000
1602,1678,1000
1602,1677,1000
1601,1675,1000
1600,1674,1000
1600,1673,1000
1599,1672,1000
1599,1671,1000
1598,1670,1000
1597,1669,1000
1597,1668,1000
1596,1667,1000
1595,1666,1000
1595,1665,1000
1594,1664,1000
1593,1663,1000
1593,1662,1000
1592,1661,1000
1591,1660,1000
1591,1659,1000
1590,1658,1000
1589,1657,1000
1589,1656,1000
1588,1655,1000
1588,1654,1000
1587,1653,1000
1586,1653,1000
1586,1652,1000
1585,1651,1000
1584,1650,1000
1584,1649,1000
1583,1648,1000
1582,1647,1000
1582,1646,1000
1581,1645,1000
1580,1644,2000
1581,1644,2000
1581,1645,2000
1581,1645,2000
1582,1645,2000
1582,1646,2000
1582,1646,2000
1583,1647,2000
1583,1647,2000
1584,1648,2000
1584,1648,2000
1584,1649,2000
1585,1649,2000
1585,1649,2000
1585,1650,2000
1586,1650,2000
1586,1651,2000
1586,1651,2000
1587,1652,2000
1587,1652,2000
1588,1653,2000
1588,1653,2000
1588,1653,2000
1589,1654,2000
1589,1654,2000
1589,1655,2000
1590,1655,2000
1590,1656,2000
1590,1656,2000
1591,1657,2000
1591,1657,2000
1591,1657,2000
1592,1658,2000
1592,1658,2000
1593,1659,2000
1593,1659,2000
1593,1660,2000
1594,1660,2000
1594,1661,2000
1594,1661,2000
1595,1662,2000
1595,1662,2000
1595,1662,2000
1596,1663,2000
1596,1663,2000
1596,1664,2000
1597,1664,2000
1597,1665,2000
1598,1665,2000
1598,1666,2000
1598,1666,1000
1599,1665,1000
1600,1664,1000
1601,1662,1000
1602,1661,1000
1603,1660,1000
1604,1659,1000
1605,1658,1000
1606,1657,1000
1607,1655,1000
1607,1654,1000
1608,1653,1000
1609,1652,1000
1610,1651,1000
1611,1650,1000
1612,1649,1000
1613,1647,1000
1614,1646,1000
1615,1645,1000
1615,1644,1000
1616,1643,1000
1617,1642,1000
1618,1641,1000
1619,1640,1000
1620,1639,1000
1621,1638,1000
1621,1637,1000
1622,1636,1000
1623,1634,1000
1624,1633,1000
1625,1632,1000
1626,1631,1000
1626,1630,1000
1627,1629,1000
1628,1628,1000
1629,1627,1000
1630,1626,1000
1630,1625,1000
1631,1624,1000
1632,1623,1000
1633,1622,1000
1634,1621,1000
1634,1620,1000
1635,1619,1000
1636,1618,1000
1637,1617,1000
1638,1616,1000
1638,1616,1000
1639,1615,1000
1640,1614,1000
