1639,1887,2000
1639,1887,2000
1640,1888,2000
1640,1888,2000
1641,1889,2000
1641,1890,2000
1642,1890,2000
1642,1891,2000
1643,1891,2000
1643,1892,2000
1644,1892,2000
1644,1893,2000
1644,1894,2000
1645,1894,2000
1645,1895,2000
1646,1895,2000
1646,1896,2000
1647,1897,2000
1647,1897,2000
1648,1898,2000
1648,1898,2000
1649,1899,2000
1649,1900,2000
1650,1900,2000
1650,1901,2000
1650,1901,2000
1651,1902,2000
1651,1903,2000
1652,1903,2000
1652,1904,2000
1653,1904,2000
1653,1905,2000
1654,1906,2000
1654,1906,2000
1655,1907,2000
1655,1907,2000
1655,1908,2000
1656,1909,2000
1656,1909,2000
1657,1910,2000
1657,1910,2000
1658,1911,2000
1658,1912,2000
1659,1912,2000
1659,1913,2000
1659,1913,2000
1660,1914,2000
1660,1915,2000
1661,1915,2000
1661,1916,2000
1662,1916,2000
1662,1916,2000
1663,1916,2000
1663,1916,2000
1664,1917,2000
1664,1917,2000
1665,1917,2000
1665,1917,2000
1666,1917,2000
1666,1917,2000
1667,1917,2000
1667,1917,2000
1668,1918,2000
1668,1918,2000
1669,1918,2000
1669,1918,2000
1670,1918,2000
1670,1918,2000
1671,1918,2000
1671,1919,2000
1671,1919,2000
1672,1919,2000
1672,1919,2000
1673,1919,2000
1673,1919,2000
1674,1919,2000
1674,1920,2000
1675,1920,2000
1675,1920,2000
1676,1920,2000
1676,1920,2000
1677,1920,2000
1677,1920,2000
1678,1921,2000
1678,1921,2000
1679,1921,2000
1679,1921,2000
1680,1921,2000
1680,1921,2000
1681,1921,2000
1681,1922,2000
1682,1922,2000
1682,1922,2000
1683,1922,2000
1683,1922,2000
1684,1922,2000
1684,1922,2000
1685,1923,2000
1685,1923,2000
1686,1923,2000
1686,1922,2000
1687,1922,2000
1687,1921,2000
1688,1921,2000
1688,1921,2000
1689,1920,2000
1690,1920,2000
1690,1919,2000
1691,1919,2000
1691,1918,2000
1692,1918,2000
1692,1917,2000
1693,1917,2000
1693,1916,2000
1694,1916,2000
1695,1916,2000
1695,1915,2000
1696,1915,2000
1696,1914,2000
1697,1914,2000
1697,1913,2000
1698,1913,2000
1699,1912,2000
1699,1912,2000
1700,1912,2000
1700,1911,2000
1701,1911,2000
1701,1910,2000
1702,1910,2000
1703,1910,2000
1703,1909,2000
1704,1909,2000
1704,1908,2000
1705,1908,2000
1705,1907,2000
1706,1907,2000
1706,1907,2000
1707,1906,2000
1708,1906,2000
1708,1905,2000
1709,1905,2000
1709,1905,2000
1710,1904,2000
1710,1904,2000
1711,1903,2000
1711,1903,2000
1712,1903,2000
1713,1902,2000
1713,1902,2000
1714,1902,2000
1714,1900,2000
1714,1899,2000
1714,1898,2000
1714,1897,2000
1714,1896,2000
1714,1894,2000
1715,1893,2000
1715,1892,2000
1715,1891,2000
1715,1890,2000
1715,1888,2000
1715,1887,2000
1715,1886,2000
1715,1885,2000
1715,1884,2000
1716,1883,2000
1716,1881,2000
1716,1880,2000
1716,1879,2000
1716,1878,2000
1716,1877,2000
1716,1876,2000
1716,1874,2000
1716,1873,2000
1716,1872,2000
1716,1871,2000
1717,1870,2000
1717,1869,2000
1717,1868,2000
1717,1867,2000
1717,1865,2000
1717,1864,2000
1717,1863,2000
1717,1862,2000
1717,1861,2000
1717,1860,2000
1717,1859,2000
1717,1858,2000
1717,1857,2000
1718,1855,2000
1718,1854,2000
1718,1853,2000
1718,1852,2000
1718,1851,2000
1718,1850,2000
1718,1849,2000
1718,1848,2000
1718,1847,2000
1718,1846,2000
1718,1844,2000
1718,1844,2000
1719,1843,2000
1719,1842,2000
1719,1842,2000
1719,1841,2000
1720,1840,2000
1720,1839,2000
1720,1839,2000
1721,1838,2000
1721,1837,2000
1721,1837,2000
1721,1836,2000
1722,1835,2000
1722,1834,2000
1722,1834,2000
1722,1833,2000
1723,1832,2000
1723,1832,2000
1723,1831,2000
1723,1830,2000
1724,1829,2000
1724,1829,2000
1724,1828,2000
1724,1827,2000
1725,1827,2000
1725,1826,2000
1725,1825,2000
1725,1825,2000
1726,1824,2000
1726,1823,2000
1726,1822,2000
1726,1822,2000
1727,1821,2000
1727,1820,2000
1727,1820,2000
1727,1819,2000
1728,1818,2000
1728,1818,2000
1728,1817,2000
1728,1816,2000
1729,1816,2000
1729,1815,2000
1729,1814,2000
1729,1814,2000
1730,1813,2000
1730,1812,2000
1730,1812,2000
1730,1811,2000
1731,1810,2000
1731,1810,2000
1731,1809,2000
1731,1809,2000
1731,1809,2000
1732,1808,2000
1732,1808,2000
1732,1808,2000
1732,1808,2000
1732,1807,2000
1733,1807,2000
1733,1807,2000
1733,1807,2000
1733,1806,2000
1733,1806,2000
1733,1806,2000
1734,1805,2000
1734,1805,2000
1734,1805,2000
1734,1805,2000
1734,1804,2000
1735,1804,2000
1735,1804,2000
1735,1804,2000
1735,1803,2000
1735,1803,2000
1735,1803,2000
1736,1802,2000
1736,1802,2000
1736,1802,2000
1736,1802,2000
1736,1801,2000
1737,1801,2000
1737,1801,2000
1737,1801,2000
1737,1800,2000
1737,1800,2000
1737,1800,2000
1738,1800,2000
1738,1799,2000
1738,1799,2000
1738,1799,2000
1738,1798,2000
1739,1798,2000
1739,1798,2000
1739,1798,2000
1739,1797,2000
1739,1797,2000
1739,1797,2000
1740,1797,2000
1740,1796,2000
1740,1796,2000
1741,1796,2000
1741,1796,2000
1742,1797,2000
1742,1797,2000
1743,1797,2000
1743,1797,2000
1744,1797,2000
1744,1798,2000
1745,1798,2000
1746,1798,2000
1746,1798,2000
1747,1798,2000
1747,1799,2000
1748,1799,2000
1748,1799,2000
1749,1799,2000
1749,1799,2000
1750,1800,2000
1751,1800,2000
1751,1800,2000
1752,1800,2000
1752,1800,2000
1753,1801,2000
1753,1801,2000
1754,1801,2000
1754,1801,2000
1755,1802,2000
1756,1802,2000
1756,1802,2000
1757,1802,2000
1757,1802,2000
1758,1803,2000
1758,1803,2000
1759,1803,2000
1760,1803,2000
1760,1803,2000
1761,1804,2000
1761,1804,2000
1762,1804,2000
1762,1804,2000
1763,1804,2000
1763,1805,2000
1764,1805,2000
1765,1805,2000
1765,1805,2000
1766,1806,2000
1766,1806,2000
1767,1806,2000
1767,1806,2000
1768,1806,2000
1768,1807,2000
1768,1807,2000
1768,1807,2000
1769,1808,2000
1769,1808,2000
1769,1809,2000
1769,1809,2000
1769,1809,2000
1770,1810,2000
1770,1810,2000
1770,1810,2000
1770,1811,2000
1770,1811,2000
1770,1812,2000
1771,1812,2000
1771,1812,2000
1771,1813,2000
1771,1813,2000
1771,1813,2000
1771,1814,2000
1772,1814,2000
1772,1815,2000
1772,1815,2000
1772,1815,2000
1772,1816,2000
1772,1816,2000
1773,1816,2000
1773,1817,2000
1773,1817,2000
1773,1818,2000
1773,1818,2000
1774,1818,2000
1774,1819,2000
1774,1819,2000
1774,1819,2000
1774,1820,2000
1774,1820,2000
1775,1821,2000
1775,1821,2000
1775,1821,2000
1775,1822,2000
1775,1822,2000
1775,1822,2000
1776,1823,2000
1776,1823,2000
1776,1824,2000
1776,1824,2000
1776,1824,2000
1776,1825,2000
1777,1825,2000
1777,1825,2000
1777,1826,2000
1777,1826,2000
1777,1827,2000
1777,1827,2000
1778,1827,2000
1778,1828,2000
1778,1828,2000
1778,1828,2000
1778,1829,2000
1778,1829,2000
1779,1830,2000
1779,1830,2000
1779,1830,2000
1779,1831,2000
1779,1831,2000
1779,1831,2000
1780,1832,2000
1780,1832,2000
1780,1833,2000
1780,1833,2000
1780,1833,2000
1780,1834,2000
1781,1834,2000
1781,1834,2000
1781,1835,2000
1781,1835,2000
1781,1836,2000
1781,1836,2000
1782,1836,2000
1782,1837,2000
1782,1837,2000
1782,1838,2000
1782,1838,2000
1782,1838,2000
1783,1839,2000
1783,1839,2000
1783,1839,2000
1783,1840,2000
1783,1840,2000
1783,1841,2000
1784,1841,2000
1784,1841,2000
1784,1842,2000
1784,1842,2000
1784,1842,2000
1784,1843,2000
1785,1843,2000
1785,1844,2000
1785,1844,2000
1782,1843,2000
1778,1842,2000
1775,1841,2000
1772,1841,2000
1768,1840,2000
1765,1839,2000
1762,1838,2000
1759,1837,2000
1755,1837,2000
1752,1836,2000
1749,1835,2000
1746,1835,2000
1742,1834,2000
1739,1833,2000
1736,1833,2000
1732,1832,2000
1729,1831,2000
1726,1831,2000
1722,1830,2000
1719,1830,2000
1716,1829,2000
1713,1829,2000
1709,1828,2000
1706,1828,2000
1703,1827,2000
1699,1827,2000
1696,1826,2000
1693,1826,2000
1689,1826,2000
1686,1825,2000
1683,1825,2000
1679,1825,2000
1676,1824,2000
1673,1824,2000
1669,1824,2000
1666,1824,2000
1663,1823,2000
1659,1823,2000
1656,1823,2000
1653,1823,2000
1649,1823,2000
1646,1823,2000
1643,1823,2000
1639,1823,2000
1636,1823,2000
1633,1823,2000
1629,1823,2000
1626,1823,2000
1622,1823,2000
1619,1823,1000
1621,1821,1000
1624,1819,1000
1626,1817,1000
1628,1815,1000
1631,1813,1000
1633,1812,1000
1635,1810,1000
1637,1808,1000
1640,1806,1000
1642,1805,1000
1644,1803,1000
1646,1801,1000
1649,1800,1000
1651,1798,1000
1653,1796,1000
1655,1795,1000
1658,1793,1000
1660,1792,1000
1662,1790,1000
1664,1789,1000
1666,1787,1000
1669,1786,1000
1671,1784,1000
1673,1783,1000
1675,1782,1000
1677,1780,1000
1679,1779,1000
1682,1778,1000
1684,1776,1000
1686,1775,1000
1688,1774,1000
1690,1772,1000
1692,1771,1000
1694,1770,1000
1697,1769,1000
1699,1767,1000
1701,1766,1000
1703,1765,1000
1705,1764,1000
1707,1763,1000
1709,1762,1000
1711,1760,1000
1713,1759,1000
1716,1758,1000
1718,1757,1000
1720,1756,1000
1722,1755,1000
1724,1754,1000
1726,1753,1000
1728,1752,2000
1727,1750,2000
1726,1749,2000
1726,1748,2000
1725,1746,2000
1724,1745,2000
1723,1743,2000
1722,1742,2000
1721,1740,2000
1721,1739,2000
1720,1738,2000
1719,1736,2000
1718,1735,2000
1717,1733,2000
1716,1732,2000
1715,1730,2000
1715,1729,2000
1714,1728,2000
1713,1726,2000
1712,1725,2000
1711,1723,2000
1710,1722,2000
1709,1721,2000
1709,1719,2000
1708,1718,2000
1707,1716,2000
1706,1715,2000
1705,1713,2000
1704,1712,2000
1703,1711,2000
1702,1709,2000
1701,1708,2000
1701,1706,2000
1700,1705,2000
1699,1704,2000
1698,1702,2000
1697,1701,2000
1696,1699,2000
1695,1698,2000
1694,1697,2000
1693,1695,2000
1692,1694,2000
1691,1692,2000
1691,1691,2000
1690,1690,2000
1689,1688,2000
1688,1687,2000
1687,1685,2000
1686,1684,2000
1685,1683,2000
1684,1681,1000
1684,1683,1000
1684,1685,1000
1684,1687,1000
1684,1689,1000
1684,1691,1000
1684,1693,1000
1684,1695,1000
1684,1697,1000
1684,1699,1000
1684,1701,1000
1683,1703,1000
1683,1705,1000
1683,1707,1000
1683,1709,1000
1683,1711,1000
1683,1713,1000
1683,1715,1000
1683,1717,1000
1682,1719,1000
1682,1721,1000
1682,1723,1000
1682,1725,1000
1682,1727,1000
1682,1729,1000
1681,1731,1000
1681,1733,1000
1681,1735,1000
1681,1737,1000
1681,1739,1000
1680,1742,1000
1680,1744,1000
1680,1746,1000
1680,1748,1000
1679,1750,1000
1679,1752,1000
1679,1754,1000
1679,1756,1000
1678,1758,1000
1678,1760,1000
1678,1763,1000
1678,1765,1000
1677,1767,1000
1677,1769,1000
1677,1771,1000
1676,1773,1000
1676,1776,1000
1676,1778,1000
1675,1780,1000
1675,1782,1000
1674,1784,2000
1673,1784,2000
1671,1783,2000
1669,1783,2000
1668,1782,2000
1666,1782,2000
1665,1781,2000
1663,1781,2000
1661,1780,2000
1660,1780,2000
1658,1779,2000
1656,1779,2000
1654,1778,2000
1653,1778,2000
1651,1777,2000
1649,1777,2000
1648,1777,2000
1646,1776,2000
1644,1776,2000
1643,1775,2000
1641,1775,2000
1639,1774,2000
1638,1774,2000
1636,1773,2000
1634,1773,2000
1633,1773,2000
1631,1772,2000
1629,1772,2000
1628,1771,2000
1626,1771,2000
1624,1771,2000
1623,1770,2000
1621,1770,2000
1619,1769,2000
1618,1769,2000
1616,1769,2000
1614,1768,2000
1612,1768,2000
1611,1768,2000
1609,1767,2000
1607,1767,2000
1606,1767,2000
1604,1766,2000
1602,1766,2000
1601,1766,2000
1599,1765,2000
1597,1765,2000
1595,1765,2000
1594,1764,2000
1592,1764,2000
1590,1764,2000
1590,1763,2000
1589,1762,2000
1589,1762,2000
1588,1761,2000
1588,1760,2000
1587,1759,2000
1587,1759,2000
1586,1758,2000
1586,1757,2000
1586,1756,2000
1585,1756,2000
1585,1755,2000
1584,1754,2000
1584,1754,2000
1583,1753,2000
1583,1752,2000
1582,1751,2000
1582,1751,2000
1581,1750,2000
1581,1749,2000
1580,1748,2000
1580,1748,2000
1579,1747,2000
1579,1746,2000
1578,1746,2000
1578,1745,2000
1577,1744,2000
1577,1743,2000
1576,1743,2000
1576,1742,2000
1575,1741,2000
1575,1741,2000
1574,1740,2000
1574,1739,2000
1573,1738,2000
1573,1738,2000
1572,1737,2000
1572,1736,2000
1571,1736,2000
1571,1735,2000
1570,1734,2000
1570,1733,2000
1569,1733,2000
1569,1732,2000
1568,1731,2000
1567,1731,2000
1567,1730,2000
1566,1729,2000
1566,1728,2000
1565,1728,1000
1566,1727,1000
1566,1726,1000
1566,1725,1000
1566,1724,1000
1567,1723,1000
1567,1722,1000
1567,1721,1000
1567,1720,1000
1568,1719,1000
1568,1718,1000
1568,1717,1000
1568,1716,1000
1568,1715,1000
1569,1714,1000
1569,1713,1000
1569,1712,1000
1569,1711,1000
1569,1710,1000
1570,1709,1000
1570,1708,1000
1570,1707,1000
1570,1706,1000
1571,1705,1000
1571,1704,1000
1571,1704,1000
1571,1703,1000
1571,1702,1000
1572,1701,1000
1572,1700,1000
1572,1699,1000
1572,1698,1000
1572,1697,1000
1573,1696,1000
1573,1695,1000
1573,1694,1000
1573,1693,1000
1573,1692,1000
1573,1691,1000
1574,1690,1000
1574,1689,1000
1574,1689,1000
1574,1688,1000
1574,1687,1000
1575,1686,1000
1575,1685,1000
1575,1684,1000
1575,1683,1000
1575,1682,1000
1575,1681,1000
1576,1680,2000
1574,1680,2000
1573,1680,2000
1572,1680,2000
1571,1680,2000
1570,1680,2000
1569,1680,2000
1568,1680,2000
1567,1680,2000
1566,1680,2000
1565,1680,2000
1564,1680,2000
1563,1680,2000
1562,1680,2000
1561,1680,2000
1560,1680,2000
1559,1680,2000
1557,1680,2000
1556,1680,2000
1555,1680,2000
1554,1680,2000
1553,1680,2000
1552,1680,2000
1551,1680,2000
1550,1680,2000
1549,1680,2000
1548,1680,2000
1547,1680,2000
1546,1680,2000
1545,1680,2000
1544,1681,2000
1542,1681,2000
1541,1681,2000
1540,1681,2000
1539,1681,2000
1538,1681,2000
1537,1681,2000
1536,1681,2000
1535,1681,2000
1534,1681,2000
1533,1681,2000
1532,1681,2000
1531,1681,2000
1530,1681,2000
1528,1681,2000
1527,1681,2000
1526,1681,2000
1525,1682,2000
1524,1682,2000
1523,1682,2000
1522,1682,2000
1524,1681,2000
1527,1680,2000
1529,1679,2000
1531,1678,2000
1534,1678,2000
1536,1677,2000
1538,1676,2000
1541,1675,2000
1543,1675,2000
1545,1674,2000
1548,1673,2000
1550,1673,2000
1552,1672,2000
1555,1671,2000
1557,1671,2000
1559,1670,2000
1562,1669,2000
1564,1669,2000
1566,1668,2000
1569,1667,2000
1571,1667,2000
1573,1666,2000
1575,1666,2000
1578,1665,2000
1580,1665,2000
1582,1664,2000
1584,1664,2000
1587,1663,2000
1589,1663,2000
1591,1662,2000
1593,1662,2000
1596,1661,2000
1598,1661,2000
1600,1660,2000
1602,1660,2000
1605,1660,2000
1607,1659,2000
1609,1659,2000
1611,1659,2000
1614,1658,2000
1616,1658,2000
1618,1657,2000
1620,1657,2000
1623,1657,2000
1625,1657,2000
1627,1656,2000
1629,1656,2000
1631,1656,2000
1634,1655,2000
1636,1655,2000
1635,1654,2000
1634,1652,2000
1633,1651,2000
1632,1650,2000
1631,1648,2000
1631,1647,2000
1630,1645,2000
1629,1644,2000
1628,1642,2000
1627,1641,2000
1626,1640,2000
1625,1638,2000
1624,1637,2000
1624,1635,2000
1623,1634,2000
1622,1633,2000
1621,1631,2000
1620,1630,2000
1619,1628,2000
1618,1627,2000
1617,1626,2000
1616,1624,2000
1615,1623,2000
1615,1621,2000
1614,1620,2000
1613,1619,2000
1612,1617,2000
1611,1616,2000
1610,1614,2000
1609,1613,2000
1608,1611,2000
1607,1610,2000
1606,1609,2000
1605,1607,2000
1604,1606,2000
1603,1605,2000
1602,1603,2000
1602,1602,2000
1601,1600,2000
1600,1599,2000
1599,1598,2000
1598,1596,2000
1597,1595,2000
1596,1593,2000
1595,1592,2000
1594,1591,2000
1593,1589,2000
1592,1588,2000
1591,1586,2000
1590,1585,1000
1588,1586,1000
1586,1587,1000
1585,1587,1000
1583,1588,1000
1581,1589,1000
1579,1590,1000
1577,1591,1000
1576,1592,1000
1574,1593,1000
1572,1593,1000
1570,1594,1000
1568,1595,1000
1566,1596,1000
1565,1597,1000
1563,1598,1000
1561,1599,1000
1559,1600,1000
1557,1601,1000
1555,1602,1000
1554,1603,1000
1552,1604,1000
1550,1605,1000
1548,1606,1000
1546,1607,1000
1544,1608,1000
1542,1609,1000
1540,1610,1000
1538,1611,1000
1536,1612,1000
1535,1613,1000
1533,1614,1000
1531,1616,1000
1529,1617,1000
1527,1618,1000
1525,1619,1000
1523,1620,1000
1521,1621,1000
1519,1623,1000
1517,1624,1000
1515,1625,1000
1513,1626,1000
1511,1627,1000
1509,1629,1000
1507,1630,1000
1505,1631,1000
1503,1632,1000
1501,1634,1000
1499,1635,1000
1497,1636,1000
1495,1638,2000
1496,1636,2000
1497,1634,2000
1498,1631,2000
1499,1629,2000
1501,1627,2000
1502,1625,2000
1503,1623,2000
1504,1621,2000
1505,1619,2000
1506,1617,2000
1507,1615,2000
1508,1613,2000
1509,1611,2000
1510,1609,2000
1511,1607,2000
1512,1605,2000
1513,1603,2000
1514,1601,2000
1515,1599,2000
1516,1597,2000
1517,1595,2000
1518,1593,2000
1519,1591,2000
1520,1589,2000
1521,1587,2000
1522,1585,2000
1523,1584,2000
1524,1582,2000
1525,1580,2000
1526,1578,2000
1526,1576,2000
1527,1574,2000
1528,1572,2000
1529,1570,2000
1530,1569,2000
1531,1567,2000
1532,1565,2000
1532,1563,2000
1533,1561,2000
1534,1559,2000
1535,1558,2000
1536,1556,2000
1536,1554,2000
1537,1552,2000
1538,1550,2000
1539,1549,2000
1540,1547,2000
1540,1545,2000
1541,1543,2000
1542,1541,2000
1540,1542,2000
1539,1543,2000
1537,1544,2000
1536,1545,2000
1534,1546,2000
1533,1547,2000
1531,1548,2000
1530,1549,2000
1528,1550,2000
1527,1551,2000
1525,1552,2000
1524,1553,2000
1522,1554,2000
1521,1555,2000
1519,1556,2000
1518,1557,2000
1516,1558,2000
1515,1559,2000
1513,1560,2000
1512,1562,2000
1510,1563,2000
1509,1564,2000
1507,1565,2000
1506,1566,2000
1504,1567,2000
1502,1568,2000
1501,1569,2000
1499,1570,2000
1498,1572,2000
1496,1573,2000
1494,1574,2000
1493,1575,2000
1491,1576,2000
1490,1578,2000
1488,1579,2000
1486,1580,2000
1485,1581,2000
1483,1582,2000
1481,1584,2000
1480,1585,2000
1478,1586,2000
1476,1587,2000
1475,1589,2000
1473,1590,2000
1471,1591,2000
1470,1593,2000
1468,1594,2000
1466,1595,2000
1465,1597,2000
1463,1598,2000
1462,1597,2000
1461,1595,2000
1459,1594,2000
1458,1592,2000
1457,1591,2000
1456,1590,2000
1455,1588,2000
1454,1587,2000
1452,1586,2000
1451,1584,2000
1450,1583,2000
1449,1581,2000
1448,1580,2000
1446,1579,2000
1358,1253,2000
1444,1576,2000
1443,1575,2000
1442,1573,2000
1440,1572,2000
1439,1571,2000
1438,1569,2000
1437,1568,2000
1436,1567,2000
1434,1565,2000
1433,1564,2000
1432,1563,2000
1431,1561,2000
1429,1560,2000
1428,1559,2000
1427,1557,2000
1426,1556,2000
1425,1555,2000
1423,1553,2000
1422,1552,2000
1421,1551,2000
1420,1549,2000
1418,1548,2000
1417,1547,2000
1416,1545,2000
1415,1544,2000
1413,1543,2000
1412,1542,2000
1411,1540,2000
1410,1539,2000
1408,1538,2000
1407,1536,2000
1406,1535,2000
1405,1534,2000
1403,1532,2000
1402,1531,1000
1403,1532,1000
1403,1532,1000
1404,1533,1000
1404,1534,1000
1405,1534,1000
1406,1535,1000
1406,1536,1000
1407,1536,1000
1407,1537,1000
1408,1537,1000
1409,1538,1000
1409,1539,1000
1410,1539,1000
1410,1540,1000
1411,1540,1000
1412,1541,1000
1412,1542,1000
1413,1542,1000
1413,1543,1000
1414,1544,1000
1415,1544,1000
1415,1545,1000
1416,1545,1000
1416,1546,1000
1417,1547,1000
1418,1547,1000
1418,1548,1000
1419,1549,1000
1419,1549,1000
1420,1550,1000
1421,1550,1000
1421,1551,1000
1422,1552,1000
1422,1552,1000
1423,1553,1000
1424,1554,1000
1424,1554,1000
1425,1555,1000
1425,1556,1000
1426,1556,1000
1426,1557,1000
1427,1557,1000
1428,1558,1000
1428,1559,1000
1429,1559,1000
1429,1560,1000
1430,1561,1000
1431,1561,1000
1431,1562,1000
1432,1563,2000
1433,1561,2000
1435,1559,2000
1437,1558,2000
1438,1556,2000
1440,1554,2000
1441,1553,2000
1443,1551,2000
1444,1549,2000
1446,1548,2000
1448,1546,2000
1449,1545,2000
1451,1543,2000
1452,1542,2000
1454,1540,2000
1455,1539,2000
1457,1537,2000
1458,1536,2000
1460,1534,2000
1461,1533,2000
1463,1531,2000
1464,1530,2000
1465,1528,2000
1467,1527,2000
1468,1525,2000
1470,1524,2000
1471,1522,2000
1473,1521,2000
1474,1520,2000
1475,1518,2000
1477,1517,2000
1478,1515,2000
1479,1514,2000
1481,1513,2000
1482,1511,2000
1484,1510,2000
1485,1508,2000
1486,1507,2000
1488,1506,2000
1489,1504,2000
1490,1503,2000
1491,1502,2000
1493,1500,2000
1494,1499,2000
1495,1498,2000
1497,1497,2000
1498,1495,2000
1499,1494,2000
1500,1493,2000
1502,1491,2000
1503,1490,2000
1502,1489,2000
1501,1489,2000
1500,1488,2000
1364,1317,2000
1499,1486,2000
1498,1485,2000
1497,1484,2000
1496,1484,2000
1495,1483,2000
1494,1482,2000
1493,1481,2000
1493,1480,2000
1492,1479,2000
1491,1479,2000
1490,1478,2000
1489,1477,2000
1488,1476,2000
1487,1475,2000
1486,1474,2000
1486,1474,2000
1485,1473,2000
1484,1472,2000
1483,1471,2000
1482,1470,2000
1481,1469,2000
1480,1469,2000
1479,1468,2000
1478,1467,2000
1478,1466,2000
1477,1465,2000
1476,1465,2000
1475,1464,2000
1474,1463,2000
1473,1462,2000
1472,1461,2000
1471,1460,2000
1471,1460,2000
1470,1459,2000
1469,1458,2000
1468,1457,2000
1467,1456,2000
1466,1456,2000
1465,1455,2000
1464,1454,2000
1463,1453,2000
1463,1452,2000
1462,1452,2000
1461,1451,2000
1460,1450,2000
1459,1449,2000
1459,1451,2000
1459,1452,2000
1459,1454,2000
1460,1455,2000
1460,1456,2000
1460,1458,2000
1460,1459,2000
1460,1461,2000
1460,1462,2000
1460,1464,2000
1460,1465,2000
1461,1467,2000
1461,1468,2000
1461,1470,2000
1461,1471,2000
1461,1472,2000
1461,1474,2000
1461,1475,2000
1461,1477,2000
1461,1478,2000
1461,1480,2000
1461,1481,2000
1462,1483,2000
1462,1484,2000
1462,1486,2000
1462,1487,2000
1462,1489,2000
1462,1490,2000
1462,1492,2000
1462,1493,2000
1462,1494,2000
1462,1496,2000
1462,1497,2000
1462,1499,2000
1462,1500,2000
1462,1502,2000
1462,1503,2000
1462,1505,2000
1462,1506,2000
1462,1508,2000
1462,1509,2000
1462,1511,2000
1462,1512,2000
1462,1514,2000
1462,1515,2000
1462,1517,2000
1462,1518,2000
1462,1520,2000
1462,1521,2000
1462,1523,1000
1461,1522,1000
1461,1522,1000
1460,1521,1000
1460,1520,1000
1459,1520,1000
1459,1519,1000
1458,1519,1000
1457,1518,1000
1457,1517,1000
1456,1517,1000
1456,1516,1000
1455,1516,1000
1455,1515,1000
1454,1514,1000
1454,1514,1000
1453,1513,1000
1452,1513,1000
1452,1512,1000
1451,1511,1000
1451,1511,1000
1450,1510,1000
1450,1510,1000
1449,1509,1000
1448,1509,1000
1372,1360,1000
1447,1507,1000
1447,1507,1000
1446,1506,1000
1446,1506,1000
1445,1505,1000
1444,1504,1000
1444,1504,1000
1443,1503,1000
1443,1503,1000
1442,1502,1000
1442,1502,1000
1441,1501,1000
1440,1500,1000
1440,1500,1000
1439,1499,1000
1439,1499,1000
1438,1498,1000
1438,1497,1000
1437,1497,1000
1436,1496,1000
1436,1496,1000
1435,1495,1000
1435,1495,1000
1434,1494,1000
1434,1493,2000
1432,1493,2000
1431,1493,2000
1429,1493,2000
1428,1493,2000
1427,1494,2000
1425,1494,2000
1424,1494,2000
1423,1494,2000
1421,1494,2000
1420,1494,2000
1418,1494,2000
1417,1494,2000
1416,1494,2000
1414,1494,2000
1413,1494,2000
1411,1494,2000
1410,1494,2000
1409,1494,2000
1407,1494,2000
1406,1494,2000
1404,1494,2000
1403,1495,2000
1402,1495,2000
1400,1495,2000
1399,1495,2000
1397,1495,2000
1396,1495,2000
1394,1495,2000
1393,1495,2000
1392,1495,2000
1390,1495,2000
1389,1496,2000
1387,1496,2000
1386,1496,2000
1384,1496,2000
1383,1496,2000
1382,1496,2000
1380,1496,2000
1379,1497,2000
1377,1497,2000
1376,1497,2000
1374,1497,2000
1373,1497,2000
1371,1497,2000
1370,1498,2000
1369,1498,2000
1367,1498,2000
1366,1498,2000
1364,1498,2000
1363,1498,1000
1362,1497,1000
1361,1496,1000
1360,1495,1000
1359,1494,1000
1358,1493,1000
1357,1492,1000
1356,1491,1000
1355,1490,1000
1354,1489,1000
1353,1488,1000
1352,1487,1000
1351,1486,1000
1350,1485,1000
1349,1484,1000
1348,1483,1000
1347,1482,1000
1346,1481,1000
1345,1480,1000
1344,1479,1000
1343,1478,1000
1342,1477,1000
1341,1477,1000
1340,1476,1000
1339,1475,1000
1338,1474,1000
1337,1473,1000
1336,1472,1000
1335,1471,1000
1334,1470,1000
1333,1469,1000
1332,1468,1000
1331,1467,1000
1330,1466,1000
1329,1465,1000
1328,1464,1000
1326,1463,1000
1325,1462,1000
1324,1461,1000
1323,1460,1000
1322,1459,1000
1321,1458,1000
1320,1457,1000
1319,1456,1000
1318,1455,1000
1317,1454,1000
1316,1453,1000
1315,1452,1000
1314,1451,1000
1313,1450,1000
1312,1449,2000
1313,1450,2000
1313,1450,2000
1314,1451,2000
1315,1451,2000
1315,1452,2000
1316,1452,2000
1317,1453,2000
1317,1453,2000
1318,1453,2000
1319,1454,2000
1319,1454,2000
1320,1455,2000
1320,1455,2000
1321,1456,2000
1322,1456,2000
1322,1456,2000
1323,1457,2000
1324,1457,2000
1324,1458,2000
1325,1458,2000
1326,1459,2000
1326,1459,2000
1327,1460,2000
1328,1460,2000
1328,1461,2000
1329,1461,2000
1330,1461,2000
1330,1462,2000
1331,1462,2000
1332,1463,2000
1332,1463,2000
1333,1464,2000
1333,1464,2000
1334,1465,2000
1335,1465,2000
1335,1465,2000
1336,1466,2000
1337,1466,2000
1337,1467,2000
1338,1467,2000
1339,1468,2000
1339,1468,2000
1340,1469,2000
1341,1469,2000
1341,1470,2000
1342,1470,2000
1343,1471,2000
1343,1471,2000
1344,1471,2000
1344,1472,1000
1346,1470,1000
1347,1469,1000
1349,1467,1000
1350,1466,1000
1351,1464,1000
1353,1463,1000
1354,1461,1000
1355,1460,1000
1357,1458,1000
1358,1457,1000
1359,1455,1000
1361,1454,1000
1362,1452,1000
1363,1451,1000
1364,1449,1000
1366,1448,1000
1367,1446,1000
1368,1445,1000
1369,1443,1000
1371,1442,1000
1372,1441,1000
1373,1439,1000
1374,1438,1000
1375,1436,1000
1377,1435,1000
1378,1433,1000
1379,1432,1000
1380,1431,1000
1381,1429,1000
1383,1428,1000
1384,1427,1000
1385,1425,1000
1386,1424,1000
1387,1422,1000
1388,1421,1000
1389,1420,1000
1391,1418,1000
1392,1417,1000
1393,1416,1000
1394,1414,1000
1395,1413,1000
1396,1412,1000
1397,1410,1000
1398,1409,1000
1399,1408,1000
1400,1406,1000
1401,1405,1000
1402,1404,1000
1403,1403,1000
1638,1886,2000
1639,1887,2000
1639,1887,2000
1640,1888,2000
1640,1888,2000
1641,1889,2000
1641,1890,2000
1642,1890,2000
1642,1891,2000
1643,1891,2000
1643,1892,2000
1644,1892,2000
1644,1893,2000
1644,1894,2000
1645,1894,2000
1645,1895,2000
1646,1895,2000
1646,1896,2000
1647,1897,2000
1647,1897,2000
1648,1898,2000
1648,1898,2000
1649,1899,2000
1649,1900,2000
1650,1900,2000
1650,1901,2000
1650,1901,2000
1651,1902,2000
1651,1903,2000
1652,1903,2000
1652,1904,2000
1653,1904,2000
1653,1905,2000
1654,1906,2000
1654,1906,2000
1655,1907,2000
1655,1907,2000
1655,1908,2000
1656,1909,2000
1656,1909,2000
1657,1910,2000
1657,1910,2000
1658,1911,2000
1658,1912,2000
1659,1912,2000
1659,1913,2000
1659,1913,2000
1660,1914,2000
1660,1915,2000
1661,1915,2000
1661,1916,2000
1662,1916,2000
1662,1916,2000
1663,1916,2000
1663,1916,2000
1664,1917,2000
1664,1917,2000
1665,1917,2000
1665,1917,2000
1666,1917,2000
1666,1917,2000
1667,1917,2000
1667,1917,2000
1668,1918,2000
1668,1918,2000
1669,1918,2000
1669,1918,2000
1670,1918,2000
1670,1918,2000
1671,1918,2000
1671,1919,2000
1671,1919,2000
1672,1919,2000
1672,1919,2000
1673,1919,2000
1673,1919,2000
1674,1919,2000
1674,1920,2000
1675,1920,2000
1675,1920,2000
1676,1920,2000
1676,1920,2000
1677,1920,2000
1677,1920,2000
1678,1921,2000
1678,1921,2000
1679,1921,2000
1679,1921,2000
1680,1921,2000
1680,1921,2000
1681,1921,2000
1681,1922,2000
1682,1922,2000
1682,1922,2000
1683,1922,2000
1683,1922,2000
1684,1922,2000
1684,1922,2000
1685,1923,2000
1685,1923,2000
1686,1923,2000
1686,1922,2000
1687,1922,2000
1687,1921,2000
1688,1921,2000
1688,1921,2000
1689,1920,2000
1690,1920,2000
1690,1919,2000
1691,1919,2000
1691,1918,2000
1692,1918,2000
1692,1917,2000
1693,1917,2000
1693,1916,2000
1694,1916,2000
1695,1916,2000
1695,1915,2000
1696,1915,2000
1696,1914,2000
1697,1914,2000
1697,1913,2000
1698,1913,2000
1699,1912,2000
1699,1912,2000
1700,1912,2000
1700,1911,2000
1701,1911,2000
1701,1910,2000
1702,1910,2000
1703,1910,2000
1703,1909,2000
1704,1909,2000
1704,1908,2000
1705,1908,2000
1705,1907,2000
1706,1907,2000
1706,1907,2000
1707,1906,2000
1708,1906,2000
1708,1905,2000
1709,1905,2000
1709,1905,2000
1710,1904,2000
1710,1904,2000
1711,1903,2000
1711,1903,2000
1712,1903,2000
1713,1902,2000
1713,1902,2000
1714,1902,2000
1714,1900,2000
1714,1899,2000
1714,1898,2000
1714,1897,2000
1714,1896,2000
1714,1894,2000
1715,1893,2000
1715,1892,2000
1715,1891,2000
1715,1890,2000
1715,1888,2000
1715,1887,2000
1715,1886,2000
1715,1885,2000
1715,1884,2000
1716,1883,2000
1716,1881,2000
1716,1880,2000
1716,1879,2000
1716,1878,2000
1716,1877,2000
1716,1876,2000
1716,1874,2000
1716,1873,2000
1716,1872,2000
1716,1871,2000
1717,1870,2000
1717,1869,2000
1717,1868,2000
1717,1867,2000
1717,1865,2000
1717,1864,2000
1717,1863,2000
1717,1862,2000
1717,1861,2000
1717,1860,2000
1717,1859,2000
1717,1858,2000
1717,1857,2000
1718,1855,2000
1718,1854,2000
1718,1853,2000
1718,1852,2000
1718,1851,2000
1718,1850,2000
1718,1849,2000
1718,1848,2000
1718,1847,2000
1718,1846,2000
1718,1844,2000
1718,1844,2000
1719,1843,2000
1719,1842,2000
1719,1842,2000
1719,1841,2000
1720,1840,2000
1720,1839,2000
1720,1839,2000
1721,1838,2000
1721,1837,2000
1721,1837,2000
1721,1836,2000
1722,1835,2000
1722,1834,2000
1722,1834,2000
1722,1833,2000
1723,1832,2000
1723,1832,2000
1723,1831,2000
1723,1830,2000
1724,1829,2000
1724,1829,2000
1724,1828,2000
1724,1827,2000
1725,1827,2000
1725,1826,2000
1725,1825,2000
1725,1825,2000
1726,1824,2000
1726,1823,2000
1726,1822,2000
1726,1822,2000
1727,1821,2000
1727,1820,2000
1727,1820,2000
1727,1819,2000
1728,1818,2000
1728,1818,2000
1728,1817,2000
1728,1816,2000
1729,1816,2000
1729,1815,2000
1729,1814,2000
1729,1814,2000
1730,1813,2000
1730,1812,2000
1730,1812,2000
1730,1811,2000
1731,1810,2000
1731,1810,2000
1731,1809,2000
1731,1809,2000
1731,1809,2000
1732,1808,2000
1732,1808,2000
1732,1808,2000
1732,1808,2000
1732,1807,2000
1733,1807,2000
1733,1807,2000
1733,1807,2000
1733,1806,2000
1733,1806,2000
1733,1806,2000
1734,1805,2000
1734,1805,2000
1734,1805,2000
1734,1805,2000
1734,1804,2000
1735,1804,2000
1735,1804,2000
1735,1804,2000
1735,1803,2000
1735,1803,2000
1735,1803,2000
1736,1802,2000
1736,1802,2000
1736,1802,2000
1736,1802,2000
1736,1801,2000
1737,1801,2000
1737,1801,2000
1737,1801,2000
1737,1800,2000
1737,1800,2000
1737,1800,2000
1738,1800,2000
1738,1799,2000
1738,1799,2000
1738,1799,2000
1738,1798,2000
1739,1798,2000
1739,1798,2000
1739,1798,2000
1739,1797,2000
1739,1797,2000
1739,1797,2000
1740,1797,2000
1740,1796,2000
1740,1796,2000
1741,1796,2000
1741,1796,2000
1742,1797,2000
1742,1797,2000
1743,1797,2000
1743,1797,2000
1744,1797,2000
1744,1798,2000
1745,1798,2000
1746,1798,2000
1746,1798,2000
1747,1798,2000
1747,1799,2000
1748,1799,2000
1748,1799,2000
1749,1799,2000
1749,1799,2000
1750,1800,2000
1751,1800,2000
1751,1800,2000
1752,1800,2000
1752,1800,2000
1753,1801,2000
1753,1801,2000
1754,1801,2000
1754,1801,2000
1755,1802,2000
1756,1802,2000
1756,1802,2000
1757,1802,2000
1757,1802,2000
1758,1803,2000
1758,1803,2000
1759,1803,2000
1760,1803,2000
1760,1803,2000
1761,1804,2000
1761,1804,2000
1762,1804,2000
1762,1804,2000
1763,1804,2000
1763,1805,2000
1764,1805,2000
1765,1805,2000
1765,1805,2000
1766,1806,2000
1766,1806,2000
1767,1806,2000
1767,1806,2000
1768,1806,2000
1768,1807,2000
1768,1807,2000
1768,1807,2000
1769,1808,2000
1769,1808,2000
1769,1809,2000
1769,1809,2000
1769,1809,2000
1770,1810,2000
1770,1810,2000
1770,1810,2000
1770,1811,2000
1770,1811,2000
1770,1812,2000
1771,1812,2000
1771,1812,2000
1771,1813,2000
1771,1813,2000
1771,1813,2000
1771,1814,2000
1772,1814,2000
1772,1815,2000
1772,1815,2000
1772,1815,2000
1772,1816,2000
1772,1816,2000
1773,1816,2000
1773,1817,2000
1773,1817,2000
1773,1818,2000
1773,1818,2000
1774,1818,2000
1774,1819,2000
1774,1819,2000
1774,1819,2000
1774,1820,2000
1774,1820,2000
1775,1821,2000
1775,1821,2000
1775,1821,2000
1775,1822,2000
1775,1822,2000
1775,1822,2000
1776,1823,2000
1776,1823,2000
1776,1824,2000
1776,1824,2000
1776,1824,2000
1776,1825,2000
1777,1825,2000
1777,1825,2000
1777,1826,2000
1777,1826,2000
1777,1827,2000
1777,1827,2000
1778,1827,2000
1778,1828,2000
1778,1828,2000
1778,1828,2000
1778,1829,2000
1778,1829,2000
1779,1830,2000
1779,1830,2000
1779,1830,2000
1779,1831,2000
1779,1831,2000
1779,1831,2000
1780,1832,2000
1780,1832,2000
1780,1833,2000
1780,1833,2000
1780,1833,2000
1780,1834,2000
1781,1834,2000
1781,1834,2000
1781,1835,2000
1781,1835,2000
1781,1836,2000
1781,1836,2000
1782,1836,2000
1782,1837,2000
1782,1837,2000
1782,1838,2000
1782,1838,2000
1782,1838,2000
1783,1839,2000
1783,1839,2000
1783,1839,2000
1783,1840,2000
1783,1840,2000
1783,1841,2000
1784,1841,2000
1784,1841,2000
1784,1842,2000
1784,1842,2000
1784,1842,2000
1784,1843,2000
1785,1843,2000
1785,1844,2000
1785,1844,2000
1782,1843,2000
1778,1842,2000
1775,1841,2000
1772,1841,2000
1768,1840,2000
1765,1839,2000
1762,1838,2000
1759,1837,2000
1755,1837,2000
1752,1836,2000
1749,1835,2000
1746,1835,2000
1742,1834,2000
1739,1833,2000
1736,1833,2000
1732,1832,2000
1729,1831,2000
1726,1831,2000
1722,1830,2000
1719,1830,2000
1716,1829,2000
1713,1829,2000
1709,1828,2000
1706,1828,2000
1703,1827,2000
1699,1827,2000
1696,1826,2000
1693,1826,2000
1689,1826,2000
1686,1825,2000
1683,1825,2000
1679,1825,2000
1676,1824,2000
1673,1824,2000
1669,1824,2000
1666,1824,2000
1663,1823,2000
1659,1823,2000
1656,1823,2000
1653,1823,2000
1649,1823,2000
1646,1823,2000
1643,1823,2000
1639,1823,2000
1636,1823,2000
1633,1823,2000
1629,1823,2000
1626,1823,2000
1622,1823,2000
1619,1823,1000
1621,1821,1000
1624,1819,1000
1626,1817,1000
1628,1815,1000
1631,1813,1000
1633,1812,1000
1635,1810,1000
1637,1808,1000
1640,1806,1000
1642,1805,1000
1644,1803,1000
1646,1801,1000
1649,1800,1000
1651,1798,1000
1653,1796,1000
1655,1795,1000
1658,1793,1000
1660,1792,1000
1662,1790,1000
1664,1789,1000
1666,1787,1000
1669,1786,1000
1671,1784,1000
1673,1783,1000
1675,1782,1000
1677,1780,1000
1679,1779,1000
1682,1778,1000
1684,1776,1000
1686,1775,1000
1688,1774,1000
1690,1772,1000
1692,1771,1000
1694,1770,1000
1697,1769,1000
1699,1767,1000
1701,1766,1000
1703,1765,1000
1705,1764,1000
1707,1763,1000
1709,1762,1000
1711,1760,1000
1713,1759,1000
1716,1758,1000
1718,1757,1000
1720,1756,1000
1722,1755,1000
1724,1754,1000
1726,1753,1000
1728,1752,2000
1727,1750,2000
1726,1749,2000
1726,1748,2000
1725,1746,2000
1724,1745,2000
1723,1743,2000
1722,1742,2000
1721,1740,2000
1721,1739,2000
1720,1738,2000
1719,1736,2000
1718,1735,2000
1717,1733,2000
1716,1732,2000
1715,1730,2000
1715,1729,2000
1714,1728,2000
1713,1726,2000
1712,1725,2000
1711,1723,2000
1710,1722,2000
1709,1721,2000
1709,1719,2000
1708,1718,2000
1707,1716,2000
1706,1715,2000
1705,1713,2000
1704,1712,2000
1703,1711,2000
1702,1709,2000
1701,1708,2000
1701,1706,2000
1700,1705,2000
1699,1704,2000
1698,170